# REDO

# BM
132.8    10.4 135    12.3 135    22.3 129    9.62 132    11.1 133    35.0 131    23.6 135    31.3 135    36.4 129    18.8 133    27.5 133    30.2 133    22.4 
132.6    8.79 135    10.7 135    25.7 132    7.14 126    8.67 126    40.1 134    22.9 135    30.6 135    38.9 134    16.7 133    25.6 133    30.9 133    22.2 
132.5    8.24 135    10.2 135    29.4 135    6.17 123    7.69 124    43.6 135    22.6 135    30.3 135    40.7 134    15.6 133    24.4 133    32.4 133    22.6 
132.3    8.09 135    9.91 135    32.1 135    5.79 123    7.30 123    44.9 135    22.8 135    30.5 135    42.6 134    15.1 132    23.9 133    33.9 133    23.1 
132.3    8.14 135    9.88 135    34.3 135    5.70 123    7.19 123    45.2 135    23.1 135    30.8 135    43.9 134    15.1 132    23.8 133    35.1 133    23.5 
132.5    8.33 135    10.0 135    36.0 135    5.84 123    7.30 123    45.0 135    23.6 135    31.2 135    45.3 135    15.6 133    24.2 133    36.5 133    24.1 
132.6    8.76 135    10.4 135    37.4 135    6.10 123    7.54 124    44.6 135    24.1 135    31.6 135    46.2 135    16.4 133    24.8 133    37.9 133    24.7 
132.8    9.24 135    10.9 135    38.4 135    6.61 124    8.02 125    44.1 135    24.7 135    32.0 135    46.8 135    17.1 133    25.3 133    38.9 134    25.2 

# BT
133.9    10.1 135    12.0 135    23.0 131    12.4 134    13.9 134    35.8 131    27.6 135    35.1 135    39.7 134    26.2 135    34.4 135    35.0 133    25.4 
134.0    8.92 135    10.9 135    26.4 132    9.54 132    11.1 133    42.8 135    26.2 135    33.7 135    41.2 134    23.2 134    31.7 135    35.4 133    25.1 
133.3    8.58 135    10.6 135    29.8 135    7.95 127    9.52 127    47.2 135    25.6 135    33.2 135    43.0 134    21.5 134    30.1 135    36.8 133    25.3 
133.3    8.51 135    10.4 135    32.4 135    7.43 126    9.00 127    48.6 135    25.4 135    33.0 135    44.4 135    20.0 134    28.8 135    38.0 133    25.5 
133.2    8.61 135    10.4 135    34.6 135    7.28 126    8.84 126    48.9 135    25.5 135    33.1 135    45.8 135    19.2 133    28.0 134    39.0 134    25.8 
133.1    8.83 135    10.6 135    36.4 135    7.34 126    8.91 126    48.7 135    25.9 135    33.5 135    47.2 135    19.0 133    27.8 133    39.9 134    26.2 
133.3    9.26 135    11.0 135    38.0 135    7.50 126    9.09 127    48.3 135    26.3 135    33.9 135    48.1 135    19.1 133    27.9 134    40.5 134    26.6 
133.3    9.67 135    11.4 135    39.2 135    7.74 127    9.33 127    48.0 135    26.9 135    34.4 135    48.8 135    19.4 133    28.2 134    41.2 134    27.0 

# DUAL
132.8    10.4 135    12.3 135    22.3 129    9.71 132    11.2 133    35.9 131    23.4 135    31.1 135    35.9 129    18.5 133    27.4 133    30.2 133    22.4 
132.5    8.79 135    10.7 135    25.7 132    7.27 126    8.85 126    41.5 135    22.7 135    30.4 135    38.1 132    16.3 133    25.5 133    31.1 133    22.2 
132.5    8.24 135    10.2 135    29.4 135    6.34 123    7.93 125    45.3 135    22.2 135    30.0 135    40.1 134    15.1 132    24.3 133    32.6 133    22.6 
132.3    8.09 135    9.91 135    32.1 135    6.00 123    7.60 124    46.7 135    22.4 135    30.1 135    41.9 134    14.4 131    23.6 133    34.0 133    23.1 
132.3    8.14 135    9.88 135    34.3 135    5.94 123    7.54 124    46.8 135    22.8 135    30.4 135    43.2 134    14.2 130    23.4 133    35.1 133    23.5 
132.4    8.33 135    10.0 135    36.0 135    6.11 123    7.70 124    46.3 135    23.3 135    30.9 135    44.7 135    14.8 131    24.0 133    36.2 133    24.0 
132.7    8.76 135    10.4 135    37.4 135    6.39 123    7.98 125    45.8 135    23.6 135    31.3 135    45.6 135    15.3 133    24.4 133    37.3 133    24.5 
133.0    9.24 135    10.9 135    38.4 135    6.71 126    8.30 126    45.3 135    24.4 135    31.9 135    46.2 135    15.8 133    24.8 133    38.0 133    25.0 

# DUAL CC
134.2    12.6 135    14.6 135    25.3 132    12.0 134    13.5 134    37.3 134    26.2 135    33.9 135    39.1 134    22.7 134    31.5 135    34.1 133    25.2 
133.9    10.5 135    12.6 135    28.3 134    8.69 131    10.3 131    42.8 135    25.1 135    32.8 135    40.8 134    19.9 134    29.0 135    34.6 133    24.6 
132.9    9.47 135    11.5 135    31.7 135    7.27 126    8.88 126    46.6 135    24.4 135    32.2 135    42.7 134    17.9 133    27.2 133    35.0 133    24.6 
133.0    9.13 135    11.1 135    34.6 135    6.77 126    8.40 126    48.3 135    24.7 135    32.5 135    44.1 134    17.4 133    26.7 133    38.2 134    25.2 
133.0    9.04 135    10.9 135    37.0 135    6.66 125    8.28 126    48.7 135    25.1 135    32.8 135    45.4 135    17.2 133    26.5 133    39.4 134    25.6 
133.1    9.10 135    10.9 135    38.7 135    6.73 126    8.35 126    48.2 135    25.3 135    33.0 135    46.6 135    17.3 133    26.5 133    39.8 134    25.9 
133.1    9.43 135    11.2 135    39.9 135    6.86 126    8.49 126    47.4 135    25.6 135    33.2 135    46.5 135    16.5 133    25.8 133    39.3 134    25.9 
133.1    9.88 135    11.6 135    40.9 135    6.76 126    8.25 126    45.0 135    26.3 135    33.9 135    48.0 135    18.1 133    27.2 133    41.1 134    26.4 

# PYRAMID MINMAX
134.5    14.6 135    16.2 135    35.3 135    13.8 134    15.3 134    38.5 134    26.3 135    33.8 135    39.9 134    24.8 135    33.1 135    33.8 133    27.1 
134.5    13.7 135    15.4 135    38.3 135    11.9 134    13.4 134    43.8 135    25.5 135    33.1 135    42.0 134    22.8 134    31.2 135    34.5 133    27.1 
134.6    13.5 135    15.2 135    41.6 135    12.0 134    13.4 134    47.5 135    25.5 135    33.2 135    44.7 135    21.1 134    29.7 135    36.3 133    27.8 
134.6    13.5 135    15.0 135    43.9 135    12.6 134    14.1 134    49.2 135    26.1 135    33.6 135    46.9 135    20.2 134    28.9 135    38.0 133    28.5 
134.5    13.5 135    15.1 135    45.6 135    13.6 134    15.1 134    49.7 135    26.5 135    34.0 135    48.5 135    19.7 133    28.4 134    38.8 134    29.0 
134.7    13.7 135    15.2 135    46.9 135    13.7 134    15.2 134    49.4 135    27.1 135    34.5 135    49.2 135    20.0 134    28.6 135    40.2 134    29.5 
134.8    14.0 135    15.5 135    47.7 135    14.2 134    15.6 135    49.9 135    26.6 135    34.1 135    49.4 135    21.7 134    30.0 135    43.2 135    30.1 
134.8    14.6 135    16.1 135    48.5 135    14.3 134    15.7 135    49.2 135    27.6 135    35.0 135    50.3 135    23.8 134    31.9 135    46.0 135    31.1 

# PYRAMID MINMAX CC
134.7    15.5 135    17.2 135    37.0 135    15.7 135    17.2 135    39.2 134    28.8 135    36.1 135    42.0 134    28.7 135    36.7 135    37.7 133    29.3 
134.6    14.2 135    15.9 135    39.7 135    13.2 134    14.7 134    44.4 135    27.4 135    34.9 135    43.4 134    25.6 135    33.9 135    37.8 133    28.8 
134.7    13.9 135    15.6 135    43.0 135    13.0 134    14.5 134    48.3 135    26.8 135    34.4 135    44.9 135    23.4 134    31.9 135    39.4 134    29.1 
134.8    13.9 135    15.5 135    45.3 135    13.7 134    15.2 134    50.3 135    28.0 135    35.4 135    47.5 135    22.6 134    31.2 135    42.2 135    30.1 
134.9    13.8 135    15.4 135    46.9 135    14.7 135    16.2 135    50.8 135    27.8 135    35.2 135    49.2 135    24.0 134    32.4 135    44.1 135    30.9 
135.0    13.9 135    15.5 135    47.7 135    15.1 135    16.5 135    50.6 135    29.2 135    36.5 135    50.7 135    25.8 135    34.0 135    46.3 135    31.8 
135.0    14.2 135    15.8 135    48.4 135    16.1 135    17.6 135    50.8 135    29.0 135    36.2 135    50.9 135    26.9 135    34.9 135    48.3 135    32.4 
135.0    14.8 135    16.3 135    49.2 135    16.3 135    17.8 135    50.4 135    30.3 135    37.4 135    52.4 135    28.3 135    36.1 135    50.5 135    33.3 

# PYRAMID
135.0    15.0 135    16.6 135    38.7 135    17.4 135    18.8 135    47.8 135    34.3 135    41.0 135    48.2 135    36.5 135    43.4 135    47.7 135    33.8 
135.0    14.2 135    15.8 135    41.8 135    16.2 135    17.6 135    50.3 135    33.5 135    40.3 135    49.0 135    34.8 135    41.8 135    48.7 135    33.7 
135.0    14.1 135    15.6 135    43.9 135    16.3 135    17.7 135    52.2 135    33.2 135    40.0 135    49.7 135    33.6 135    40.7 135    49.2 135    33.8 
135.0    13.9 135    15.4 135    45.3 135    17.0 135    18.4 135    52.7 135    33.5 135    40.3 135    50.8 135    33.1 135    40.3 135    49.8 135    34.2 
135.0    14.6 135    16.0 135    46.6 135    18.0 135    19.4 135    53.0 135    34.2 135    40.9 135    51.6 135    33.6 135    40.7 135    50.5 135    34.9 
135.0    15.4 135    16.7 135    47.9 135    18.8 135    20.2 135    53.4 135    34.9 135    41.5 135    52.2 135    34.6 135    41.5 135    51.7 135    35.7 
135.0    16.2 135    17.4 135    48.5 135    19.7 135    21.1 135    53.8 135    35.6 135    42.2 135    52.7 135    35.5 135    42.3 135    52.7 135    36.5 
135.0    16.9 135    18.0 135    49.3 135    20.7 135    22.0 135    54.3 135    36.3 135    42.8 135    53.5 135    36.7 135    43.3 135    53.7 135    37.3 

# PYRAMID CC
135.0    15.7 135    17.3 135    39.6 135    19.6 135    21.0 135    49.1 135    38.7 135    44.9 135    51.6 135    44.4 135    50.5 135    55.6 135    37.3 
135.0    14.7 135    16.3 135    42.7 135    17.5 135    18.9 135    51.0 135    37.6 135    44.0 135    51.9 135    41.9 135    48.2 135    55.4 135    36.7 
135.0    14.4 135    15.9 135    44.8 135    17.4 135    18.8 135    52.7 135    37.2 135    43.6 135    52.3 135    40.4 135    46.9 135    55.8 135    36.7 
135.0    14.2 135    15.7 135    46.0 135    17.9 135    19.3 135    53.2 135    37.4 135    43.8 135    53.3 135    39.5 135    46.1 135    56.0 135    36.9 
135.0    14.7 135    16.1 135    47.0 135    18.6 135    20.0 135    53.3 135    38.0 135    44.3 135    54.3 135    39.9 135    46.4 135    57.5 135    37.5 
135.0    15.5 135    16.9 135    48.3 135    19.4 135    20.8 135    53.8 135    38.8 135    45.1 135    54.9 135    40.3 135    46.8 135    58.4 135    38.2 
135.0    16.3 135    17.6 135    48.8 135    20.3 135    21.6 135    54.3 135    39.4 135    45.6 135    55.6 135    41.3 135    47.7 135    59.5 135    39.0 
135.0    17.0 135    18.2 135    49.5 135    21.2 135    22.5 135    54.8 135    40.1 135    46.2 135    56.3 135    42.4 135    48.6 135    60.4 135    39.8 
